   2.99171686    
   2.98671675    
   2.98171687    
   2.97671676    
   2.97171688    
   2.96671677    
   2.96171665    
   2.95671678    
   2.95171690    
   2.94671679    
   2.94171667    
   2.93671679    
   2.93171668    
   2.92671680    
   2.92171693    
   2.91671658    
   2.91171670    
   2.90671659    
   2.90171671    
   2.89671683    
   2.89171672    
   2.88671684    
   2.88171673    
   2.87671685    
   2.87171674    
   2.86671662    
   2.86171675    
   2.85671687    
   2.85171676    
   2.84671688    
   2.84171677    
   2.83671665    
   2.83171678    
   2.82671690    
   2.82171679    
   2.81671667    
   2.81171679    
   2.80671692    
   2.80171680    
   2.79671693    
   2.79171681    
   2.78671694    
   2.78171682    
   2.77671695    
   2.77171683    
   2.76671696    
   2.76171684    
   2.75671673    
   2.75171685    
   2.74671674    
   2.74171686    
   2.73671675    
   2.73171687    
   2.72671676    
   2.72171688    
   2.71671700    
   2.71171689    
   2.70671678    
   2.70171690    
   2.69671679    
   2.69171691    
   2.68671679    
   2.68171692    
   2.67671704    
   2.67171693    
   2.66671681    
   2.66171694    
   2.65671682    
   2.65171695    
   2.64671683    
   2.64171696    
   2.63671684    
   2.63171697    
   2.62671685    
   2.62171698    
   2.61671686    
   2.61171699    
   2.60671711    
   2.60171700    
   2.59671712    
   2.59171700    
   2.58671713    
   2.58171701    
   2.57671690    
   2.57171702    
   2.56671715    
   2.56171703    
   2.55671716    
   2.55171704    
   2.54671717    
   2.54171705    
   2.53671694    
   2.53171706    
   2.52671719    
   2.52171707    
   2.51671696    
   2.51171708    
   2.50671721    
   2.50171709    
