  -2.00000000    
  -2.00000000    
  -1.99699998    
  -1.99549997    
  -1.99449992    
  -1.99374998    
  -1.99315000    
  -1.99265003    
  -1.99222147    
  -1.99184644    
  -1.99151313    
  -1.99121308    
  -1.99094033    
  -1.99069035    
  -1.99045956    
  -1.99024522    
  -1.99004519    
  -1.98985767    
  -1.98968124    
  -1.98951459    
  -1.98935664    
  -1.98920667    
  -1.98906386    
  -1.98892748    
  -1.98879707    
  -1.98867202    
  -1.98855197    
  -1.98843658    
  -1.98832548    
  -1.98821831    
  -1.98811483    
  -1.98801482    
  -1.98791802    
  -1.98782432    
  -1.98773336    
  -1.98764515    
  -1.98755944    
  -1.98747611    
  -1.98739505    
  -1.98731613    
  -1.98723924    
  -1.98716426    
  -1.98709106    
  -1.98701966    
  -1.98694992    
  -1.98688173    
  -1.98681509    
  -1.98674989    
  -1.98668611    
  -1.98662364    
  -1.98656237    
  -1.98650241    
  -1.98644364    
  -1.98638594    
  -1.98632932    
  -1.98627377    
  -1.98621917    
  -1.98616564    
  -1.98611295    
  -1.98606122    
  -1.98601031    
  -1.98596036    
  -1.98591113    
  -1.98586273    
  -1.98581517    
  -1.98576832    
  -1.98572218    
  -1.98567677    
  -1.98563194    
  -1.98558784    
  -1.98554432    
  -1.98550141    
  -1.98545921    
  -1.98541749    
  -1.98537636    
  -1.98533583    
  -1.98529577    
  -1.98525631    
  -1.98521733    
  -1.98517883    
  -1.98514080    
  -1.98510325    
  -1.98506618    
  -1.98502958    
  -1.98499346    
  -1.98495770    
  -1.98492241    
  -1.98488748    
  -1.98485303    
  -1.98481894    
  -1.98478520    
  -1.98475182    
  -1.98471880    
  -1.98468614    
  -1.98465383    
  -1.98462188    
  -1.98459029    
  -1.98455906    
  -1.98452818    
  -1.98449755    
