  -1000002.00    
  -8000002.00    
  -27000002.0    
  -64000000.0    
  -125000000.    
  -216000000.    
  -343000000.    
  -512000000.    
  -729000000.    
  -1.00000000E+09
  -1.33100006E+09
  -1.72800000E+09
  -2.19699994E+09
  -2.74400000E+09
  -3.37500006E+09
  -4.09600000E+09
  -4.91299994E+09
  -5.83200000E+09
  -6.85899981E+09
  -8.00000000E+09
  -9.26099968E+09
  -1.06480005E+10
  -1.21670001E+10
  -1.38240000E+10
  -1.56249999E+10
  -1.75759995E+10
  -1.96830003E+10
  -2.19520000E+10
  -2.43889992E+10
  -2.70000005E+10
  -2.97910006E+10
  -3.27680000E+10
  -3.59370015E+10
  -3.93039995E+10
  -4.28749988E+10
  -4.66560000E+10
  -5.06529997E+10
  -5.48719985E+10
  -5.93190011E+10
  -6.40000000E+10
  -6.89209999E+10
  -7.40879974E+10
  -7.95069972E+10
  -8.51840041E+10
  -9.11249981E+10
  -9.73360005E+10
  -1.03823000E+11
  -1.10592000E+11
  -1.17648998E+11
  -1.24999999E+11
  -1.32651000E+11
  -1.40607996E+11
  -1.48877001E+11
  -1.57464003E+11
  -1.66374998E+11
  -1.75616000E+11
  -1.85193005E+11
  -1.95111993E+11
  -2.05378994E+11
  -2.16000004E+11
  -2.26981003E+11
  -2.38328005E+11
  -2.50047005E+11
  -2.62144000E+11
  -2.74625004E+11
  -2.87496012E+11
  -3.00762989E+11
  -3.14431996E+11
  -3.28508998E+11
  -3.42999990E+11
  -3.57911003E+11
  -3.73248000E+11
  -3.89017010E+11
  -4.05223997E+11
  -4.21874991E+11
  -4.38975988E+11
  -4.56532984E+11
  -4.74552009E+11
  -4.93038993E+11
  -5.12000000E+11
  -5.31440992E+11
  -5.51367999E+11
  -5.71786985E+11
  -5.92703980E+11
  -6.14125011E+11
  -6.36055978E+11
  -6.58502975E+11
  -6.81472033E+11
  -7.04968983E+11
  -7.28999985E+11
  -7.53571004E+11
  -7.78688004E+11
  -8.04357014E+11
  -8.30583996E+11
  -8.57374982E+11
  -8.84736000E+11
  -9.12673014E+11
  -9.41191987E+11
  -9.70299015E+11
  -9.99999996E+11
