   1.01573777    
   1.04442537    
   1.08134615    
   1.12466335    
   1.17318821    
   1.22600687    
   1.28234839    
   1.34152484    
   1.40290129    
   1.46587813    
   1.52988195    
   1.59435952    
   1.65877438    
   1.72260571    
   1.78534710    
   1.84650743    
   1.90561080    
   1.96219766    
   2.01582623    
   2.06607342    
   2.11253619    
   2.15483379    
   2.19260764    
   2.22552419    
   2.25327563    
   2.27558160    
   2.29218912    
   2.30287600    
   2.30744982    
   2.30574965    
   2.29764700    
   2.28304648    
   2.26188588    
   2.23413682    
   2.19980550    
   2.15893149    
   2.11158967    
   2.05788732    
   1.99796689    
   1.93200302    
   1.86020327    
   1.78280592    
   1.70008075    
   1.61232710    
   1.51987255    
   1.42307091    
   1.32230246    
   1.21797073    
   1.11050189    
   1.00034130    
  0.887953520    
  0.773819506    
  0.658433080    
  0.542301238    
  0.425940096    
  0.309873551    
  0.194629192    
   8.07382986E-02
  -3.12681012E-02
 -0.140860930    
 -0.247517288    
 -0.350720108    
 -0.449962586    
 -0.544749975    
 -0.634601891    
 -0.719054282    
 -0.797663927    
 -0.870006502    
 -0.935681999    
 -0.994315803    
  -1.04556012    
  -1.08909607    
  -1.12463582    
  -1.15192366    
  -1.17073715    
  -1.18088901    
  -1.18222809    
  -1.17463958    
  -1.15804732    
  -1.13241327    
  -1.09773850    
  -1.05406249    
  -1.00146544    
 -0.940066159    
 -0.870023072    
 -0.791533351    
 -0.704832077    
 -0.610192776    
 -0.507925808    
 -0.398375332    
 -0.281921864    
 -0.158978403    
  -2.99899168E-02
  0.104569085    
  0.244195819    
  0.388361484    
  0.536511719    
  0.688073814    
  0.842452109    
  0.999034703    
