   1.01372004    
   1.04424131    
   1.08144557    
   1.12454236    
   1.17276609    
   1.22537506    
   1.28165221    
   1.34090519    
   1.40246534    
   1.46568894    
   1.52995658    
   1.59467292    
   1.65926754    
   1.72319436    
   1.78593099    
   1.84698033    
   1.90586889    
   1.96214867    
   2.01539469    
   2.06520748    
   2.11121130    
   2.15305495    
   2.19041252    
   2.22298098    
   2.25048256    
   2.27266359    
   2.28929567    
   2.30017328    
   2.30511713    
   2.30397010    
   2.29660130    
   2.28290367    
   2.26279473    
   2.23621535    
   2.20313287    
   2.16353655    
   2.11744237    
   2.06488872    
   2.00593972    
   1.94068301    
   1.86923218    
   1.79172313    
   1.70831704    
   1.61920047    
   1.52458310    
   1.42469931    
   1.31980717    
   1.21019173    
   1.09615934    
  0.978042364    
  0.856197417    
  0.731005967    
  0.602872133    
  0.472226381    
  0.339521885    
  0.205238998    
   6.98782355E-02
  -6.60317019E-02
 -0.201940119    
 -0.337268740    
 -0.471419752    
 -0.603766561    
 -0.733661056    
 -0.860429704    
 -0.983371973    
  -1.10176742    
  -1.21486938    
  -1.32190740    
  -1.42208326    
  -1.51457894    
  -1.59854829    
  -1.67312467    
  -1.73741353    
  -1.79049599    
  -1.83143222    
  -1.85925555    
  -1.87297356    
  -1.87157214    
  -1.85400987    
  -1.81922519    
  -1.76613092    
  -1.69361126    
  -1.60052741    
  -1.48572028    
  -1.34800482    
  -1.18616998    
 -0.998979449    
 -0.785174429    
 -0.543472886    
 -0.272563338    
   2.88839098E-02
  0.362223208    
  0.728842378    
   1.13014174    
   1.56755483    
   2.04253149    
   2.55655313    
   3.11112571    
   3.70777106    
   4.34804964    
