   6.28280044E-02
  0.125656009    
  0.188484013    
  0.251312017    
  0.314140022    
  0.376968026    
  0.439796001    
  0.502624035    
  0.565452039    
  0.628280044    
  0.691108048    
  0.753936052    
  0.816763997    
  0.879592001    
  0.942420006    
   1.00524807    
   1.06807601    
   1.13090408    
   1.19373202    
   1.25656009    
   1.31938803    
   1.38221610    
   1.44504404    
   1.50787210    
   1.57070005    
   1.63352799    
   1.69635606    
   1.75918400    
   1.82201207    
   1.88484001    
   1.94766808    
   2.01049614    
   2.07332397    
   2.13615203    
   2.19898009    
   2.26180816    
   2.32463598    
   2.38746405    
   2.45029211    
   2.51312017    
   2.57594800    
   2.63877606    
   2.70160413    
   2.76443219    
   2.82726002    
   2.89008808    
   2.95291615    
   3.01574421    
   3.07857203    
   3.14140010    
   3.20422816    
   3.26705599    
   3.32988405    
   3.39271212    
   3.45554018    
   3.51836801    
   3.58119607    
   3.64402413    
   3.70685220    
   3.76968002    
   3.83250809    
   3.89533615    
   3.95816422    
   4.02099228    
   4.08382034    
   4.14664793    
   4.20947599    
   4.27230406    
   4.33513212    
   4.39796019    
   4.46078825    
   4.52361631    
   4.58644438    
   4.64927197    
   4.71210003    
   4.77492809    
   4.83775616    
   4.90058422    
   4.96341228    
   5.02624035    
   5.08906794    
   5.15189600    
   5.21472406    
   5.27755213    
   5.34038019    
   5.40320826    
   5.46603632    
   5.52886438    
   5.59169197    
   5.65452003    
   5.71734810    
   5.78017616    
   5.84300423    
   5.90583229    
   5.96866035    
   6.03148842    
   6.09431601    
   6.15714407    
   6.21997213    
   6.28280020    
