   1.65665001E-02
   2.65664998E-02
   3.65664996E-02
   4.65665013E-02
   5.65664992E-02
   6.65664971E-02
   7.65664950E-02
   8.65664929E-02
   9.65664908E-02
  0.106566489    
  0.116566487    
  0.126566485    
  0.136566490    
  0.146566495    
  0.156566501    
  0.166566506    
  0.176566511    
  0.186566517    
  0.196566522    
  0.206566527    
  0.216566533    
  0.226566538    
  0.236566544    
  0.246566549    
  0.256566554    
  0.266566545    
  0.276566535    
  0.286566526    
  0.296566516    
  0.306566507    
  0.316566497    
  0.326566488    
  0.336566478    
  0.346566468    
  0.356566459    
  0.366566449    
  0.376566440    
  0.386566430    
  0.396566421    
  0.406566411    
  0.416566402    
  0.426566392    
  0.436566383    
  0.446566373    
  0.456566364    
  0.466566354    
  0.476566344    
  0.486566335    
  0.496566325    
  0.506566346    
  0.516566336    
  0.526566327    
  0.536566317    
  0.546566308    
  0.556566298    
  0.566566288    
  0.576566279    
  0.586566269    
  0.596566260    
  0.606566250    
  0.616566241    
  0.626566231    
  0.636566222    
  0.646566212    
  0.656566203    
  0.666566193    
  0.676566184    
  0.686566174    
  0.696566164    
  0.706566155    
  0.716566145    
  0.726566136    
  0.736566126    
  0.746566117    
  0.756566107    
  0.766566098    
  0.776566088    
  0.786566079    
  0.796566069    
  0.806566060    
  0.816566050    
  0.826566041    
  0.836566031    
  0.846566021    
  0.856566012    
  0.866566002    
  0.876565993    
  0.886565983    
  0.896565974    
  0.906565964    
  0.916565955    
  0.926565945    
  0.936565936    
  0.946565926    
  0.956565917    
  0.966565907    
  0.976565897    
  0.986565888    
  0.996565878    
